a=1;
b=4;
c=45;
d=12;
e=4646;