a=1;
b=4;
c=56;
d=12;
e=4646;
f=12788;
<<<<<<< HEAD
r=456878;
=======
g=23;
>>>>>>> branch1
